125374896479618325683952714714269583532781649968435172891546237257893461346127958
562987413471235689398146275236819754714653928859472361187324596923568147645791832
174385962293467158586192734451923876928674315367851249719548623635219487842736591
743892156518647932962351748624589371879134265351276489496715823287963514135428697
839465712146782953752391486391824675564173829287659341628537194913248567475916238
728946315934251678516738249147593826369482157852167493293615784481379562675824931
839465712146782953752391486391824675564173829287659341628537194913248567475916238
621943758783615492594728361142879635357461289869532174238197546916354827475286913
174385962293467158586192734451923876928674315367851249719548623635219487842736591
869571324327849516145623987952368741681497235473215869514982673798136452236754198
693784512487512936125963874932651487568247391741398625319475268856129743274836159
728946315934251678516738249147593826369482157852167493293615784481379562675824931
751846239892371465643259871238197546974562318165438927319684752527913684486725193
123456789457189236896372514249518367538647921671293845364925178715834692982761453
317849265245736891869512473456398712732164958981257634174925386693481527528673149
126395784359847162874621953985416237631972845247538691763184529418259376592763418
987654321246173985351928746128537694634892157795461832519286473472319568863745219
174835962293476158586192734957324816428961375361758249812547693635219487749683521
174385962293467158586192734451923876928674315367851249719548623635219487842736591
751846239892371465643259871238197546974562318165438927319684752527913684486725193
174835962293476158586192734957324816428961375361758249812547693635219487749683521
743892156518647932962351748624589371879134265351276489496715823287963514135428697
123456789457189236869273154271548693346921578985637412512394867698712345734865921
562987413471235689398146275236819754714653928859472361187324596923568147645791832
751846239892371465643259871238197546974562318165438927319684752527913684486725193
621943758783615492594728361142879635357461289869532174238197546916354827475286913
693784512487512936125963874932651487568247391741398625319475268856129743274836159
174385962293467158586192734451923876928674315367851249719548623635219487842736591
693784512487512936125963874932651487568247391741398625319475268856129743274836159
621943758783615492594728361142879635357461289869532174238197546916354827475286913
987654321246173985351928746128537694634892157795461832519286473472319568863745219
562987413471235689398146275236819754714653928859472361187324596923568147645791832
468931527751624839392578461134756298289413675675289314846192753513867942927345186
869571324327849516145623987952368741681497235473215869514982673798136452236754198
174835962293476158586192734957324816428961375361758249812547693635219487749683521
317849265245736891869512473456398712732164958981257634174925386693481527528673149
126395784359847162874621953985416237631972845247538691763184529418259376592763418
125374896479618325683952714714269583532781649968435172891546237257893461346127958
728946315934251678516738249147593826369482157852167493293615784481379562675824931
125374896479618325683952714714269583532781649968435172891546237257893461346127958
468931527751624839392578461134756298289413675675289314846192753513867942927345186
869571324327849516145623987952368741681497235473215869514982673798136452236754198
751846239892371465643259871238197546974562318165438927319684752527913684486725193
751846239892371465643259871238197546974562318165438927319684752527913684486725193
317849265245736891869512473456398712732164958981257634174925386693481527528673149
125374896479618325683952714714269583532781649968435172891546237257893461346127958
126395784359847162874621953985416237631972845247538691763184529418259376592763418
239187465675394128814562937123879546456213879798456312367945281541728693982631754
239187465675394128814562937123879546456213879798456312367945281541728693982631754
743892156518647932962351748624589371879134265351276489496715823287963514135428697
126395784359847162874621953985416237631972845247538691763184529418259376592763418
621943758783615492594728361142879635357461289869532174238197546916354827475286913
839465712146782953752391486391824675564173829287659341628537194913248567475916238
693784512487512936125963874932651487568247391741398625319475268856129743274836159
468931527751624839392578461134756298289413675675289314846192753513867942927345186
839465712146782953752391486391824675564173829287659341628537194913248567475916238
125374896479618325683952714714269583532781649968435172891546237257893461346127958
125374896479618325683952714714269583532781649968435172891546237257893461346127958
317849265245736891869512473456398712732164958981257634174925386693481527528673149
673894512912735486845612973798261354526473891134589267469128735287356149351947628
123456789457189236896372514249518367538647921671293845364925178715834692982761453
239187465675394128814562937123879546456213879798456312367945281541728693982631754
621943758783615492594728361142879635357461289869532174238197546916354827475286913
743892156518647932962351748624589371879134265351276489496715823287963514135428697
751846239892371465643259871238197546974562318165438927319684752527913684486725193
751846239892371465643259871238197546974562318165438927319684752527913684486725193
123456789457189236896372514249518367538647921671293845364925178715834692982761453
125374896479618325683952714714269583532781649968435172891546237257893461346127958
693784512487512936125963874932651487568247391741398625319475268856129743274836159
468931527751624839392578461134756298289413675675289314846192753513867942927345186
239187465675394128814562937123879546456213879798456312367945281541728693982631754
317849265245736891869512473456398712732164958981257634174925386693481527528673149
751846239892371465643259871238197546974562318165438927319684752527913684486725193
123456789457189236896372514249518367538647921671293845364925178715834692982761453
693784512487512936125963874932651487568247391741398625319475268856129743274836159
174835962293476158586192734957324816428961375361758249812547693635219487749683521
743892156518647932962351748624589371879134265351276489496715823287963514135428697
174835962293476158586192734957324816428961375361758249812547693635219487749683521
673894512912735486845612973798261354526473891134589267469128735287356149351947628
751846239892371465643259871238197546974562318165438927319684752527913684486725193
987654321246173985351928746128537694634892157795461832519286473472319568863745219
987654321246173985351928746128537694634892157795461832519286473472319568863745219
869571324327849516145623987952368741681497235473215869514982673798136452236754198
693784512487512936125963874932651487568247391741398625319475268856129743274836159
673894512912735486845612973798261354526473891134589267469128735287356149351947628
743892156518647932962351748624589371879134265351276489496715823287963514135428697
693784512487512936125963874932651487568247391741398625319475268856129743274836159
239187465675394128814562937123879546456213879798456312367945281541728693982631754
562987413471235689398146275236819754714653928859472361187324596923568147645791832
126395784359847162874621953985416237631972845247538691763184529418259376592763418
621943758783615492594728361142879635357461289869532174238197546916354827475286913
126395784359847162874621953985416237631972845247538691763184529418259376592763418
174835962293476158586192734957324816428961375361758249812547693635219487749683521
743892156518647932962351748624589371879134265351276489496715823287963514135428697
468931527751624839392578461134756298289413675675289314846192753513867942927345186
693784512487512936125963874932651487568247391741398625319475268856129743274836159
869571324327849516145623987952368741681497235473215869514982673798136452236754198
839465712146782953752391486391824675564173829287659341628537194913248567475916238
125374896479618325683952714714269583532781649968435172891546237257893461346127958
839465712146782953752391486391824675564173829287659341628537194913248567475916238
751846239892371465643259871238197546974562318165438927319684752527913684486725193
174835962293476158586192734957324816428961375361758249812547693635219487749683521
174385962293467158586192734451923876928674315367851249719548623635219487842736591
869571324327849516145623987952368741681497235473215869514982673798136452236754198
174385962293467158586192734451923876928674315367851249719548623635219487842736591
125374896479618325683952714714269583532781649968435172891546237257893461346127958
123456789456789123789123456214975638375862914968314275591637842637248591842591367
174385962293467158586192734451923876928674315367851249719548623635219487842736591
743892156518647932962351748624589371879134265351276489496715823287963514135428697
839465712146782953752391486391824675564173829287659341628537194913248567475916238
839465712146782953752391486391824675564173829287659341628537194913248567475916238
239187465675394128814562937123879546456213879798456312367945281541728693982631754
693784512487512936125963874932651487568247391741398625319475268856129743274836159
751846239892371465643259871238197546974562318165438927319684752527913684486725193
239187465675394128814562937123879546456213879798456312367945281541728693982631754
126395784359847162874621953985416237631972845247538691763184529418259376592763418
174835962293476158586192734957324816428961375361758249812547693635219487749683521
743892156518647932962351748624589371879134265351276489496715823287963514135428697
317849265245736891869512473456398712732164958981257634174925386693481527528673149
468931527751624839392578461134756298289413675675289314846192753513867942927345186
673894512912735486845612973798261354526473891134589267469128735287356149351947628
869571324327849516145623987952368741681497235473215869514982673798136452236754198
123456789457189236896372514249518367538647921671293845364925178715834692982761453
673894512912735486845612973798261354526473891134589267469128735287356149351947628
239187465675394128814562937123879546456213879798456312367945281541728693982631754
123456789456789123789123456214975638375862914968314275591637842637248591842591367
174385962293467158586192734451923876928674315367851249719548623635219487842736591
239187465675394128814562937123879546456213879798456312367945281541728693982631754
468931527751624839392578461134756298289413675675289314846192753513867942927345186
123456789457189236896372514249518367538647921671293845364925178715834692982761453
869571324327849516145623987952368741681497235473215869514982673798136452236754198
673894512912735486845612973798261354526473891134589267469128735287356149351947628
562987413471235689398146275236819754714653928859472361187324596923568147645791832
239187465675394128814562937123879546456213879798456312367945281541728693982631754
621943758783615492594728361142879635357461289869532174238197546916354827475286913
743892156518647932962351748624589371879134265351276489496715823287963514135428697
839465712146782953752391486391824675564173829287659341628537194913248567475916238
126395784359847162874621953985416237631972845247538691763184529418259376592763418
239187465675394128814562937123879546456213879798456312367945281541728693982631754
751846239892371465643259871238197546974562318165438927319684752527913684486725193
839465712146782953752391486391824675564173829287659341628537194913248567475916238
174835962293476158586192734957324816428961375361758249812547693635219487749683521
125374896479618325683952714714269583532781649968435172891546237257893461346127958
125374896479618325683952714714269583532781649968435172891546237257893461346127958
123456789456789123789123456214975638375862914968314275591637842637248591842591367
174835962293476158586192734957324816428961375361758249812547693635219487749683521
123456789457189236896372514249518367538647921671293845364925178715834692982761453
123456789456789123789123456214975638375862914968314275591637842637248591842591367
987654321246173985351928746128537694634892157795461832519286473472319568863745219
317849265245736891869512473456398712732164958981257634174925386693481527528673149
743892156518647932962351748624589371879134265351276489496715823287963514135428697
751846239892371465643259871238197546974562318165438927319684752527913684486725193
693784512487512936125963874932651487568247391741398625319475268856129743274836159
621943758783615492594728361142879635357461289869532174238197546916354827475286913
621943758783615492594728361142879635357461289869532174238197546916354827475286913
125374896479618325683952714714269583532781649968435172891546237257893461346127958
621943758783615492594728361142879635357461289869532174238197546916354827475286913
123456789457189236896372514249518367538647921671293845364925178715834692982761453
123456789457189236869273154271548693346921578985637412512394867698712345734865921
123456789457189236869273154271548693346921578985637412512394867698712345734865921
123456789456789123789123456214975638375862914968314275591637842637248591842591367
839465712146782953752391486391824675564173829287659341628537194913248567475916238
621943758783615492594728361142879635357461289869532174238197546916354827475286913
673894512912735486845612973798261354526473891134589267469128735287356149351947628
125374896479618325683952714714269583532781649968435172891546237257893461346127958
693784512487512936125963874932651487568247391741398625319475268856129743274836159
751846239892371465643259871238197546974562318165438927319684752527913684486725193
728946315934251678516738249147593826369482157852167493293615784481379562675824931
693784512487512936125963874932651487568247391741398625319475268856129743274836159
174385962293467158586192734451923876928674315367851249719548623635219487842736591
126395784359847162874621953985416237631972845247538691763184529418259376592763418
174385962293467158586192734451923876928674315367851249719548623635219487842736591
123456789456789123789123456214975638375862914968314275591637842637248591842591367
125374896479618325683952714714269583532781649968435172891546237257893461346127958
869571324327849516145623987952368741681497235473215869514982673798136452236754198
743892156518647932962351748624589371879134265351276489496715823287963514135428697
621943758783615492594728361142879635357461289869532174238197546916354827475286913
123456789457189236896372514249518367538647921671293845364925178715834692982761453
239187465675394128814562937123879546456213879798456312367945281541728693982631754
869571324327849516145623987952368741681497235473215869514982673798136452236754198
126395784359847162874621953985416237631972845247538691763184529418259376592763418
123456789456789123789123456214975638375862914968314275591637842637248591842591367
468931527751624839392578461134756298289413675675289314846192753513867942927345186
174385962293467158586192734451923876928674315367851249719548623635219487842736591
621943758783615492594728361142879635357461289869532174238197546916354827475286913
317849265245736891869512473456398712732164958981257634174925386693481527528673149
751846239892371465643259871238197546974562318165438927319684752527913684486725193
751846239892371465643259871238197546974562318165438927319684752527913684486725193
839465712146782953752391486391824675564173829287659341628537194913248567475916238
693784512487512936125963874932651487568247391741398625319475268856129743274836159
174385962293467158586192734451923876928674315367851249719548623635219487842736591
562987413471235689398146275236819754714653928859472361187324596923568147645791832
839465712146782953752391486391824675564173829287659341628537194913248567475916238
125374896479618325683952714714269583532781649968435172891546237257893461346127958
869571324327849516145623987952368741681497235473215869514982673798136452236754198
239187465675394128814562937123879546456213879798456312367945281541728693982631754
468931527751624839392578461134756298289413675675289314846192753513867942927345186
869571324327849516145623987952368741681497235473215869514982673798136452236754198
728946315934251678516738249147593826369482157852167493293615784481379562675824931
239187465675394128814562937123879546456213879798456312367945281541728693982631754
987654321246173985351928746128537694634892157795461832519286473472319568863745219
869571324327849516145623987952368741681497235473215869514982673798136452236754198
317849265245736891869512473456398712732164958981257634174925386693481527528673149
174385962293467158586192734451923876928674315367851249719548623635219487842736591
693784512487512936125963874932651487568247391741398625319475268856129743274836159
174835962293476158586192734957324816428961375361758249812547693635219487749683521
468931527751624839392578461134756298289413675675289314846192753513867942927345186
123456789457189236869273154271548693346921578985637412512394867698712345734865921
562987413471235689398146275236819754714653928859472361187324596923568147645791832
621943758783615492594728361142879635357461289869532174238197546916354827475286913
693784512487512936125963874932651487568247391741398625319475268856129743274836159
728946315934251678516738249147593826369482157852167493293615784481379562675824931
126395784359847162874621953985416237631972845247538691763184529418259376592763418
126395784359847162874621953985416237631972845247538691763184529418259376592763418
174385962293467158586192734451923876928674315367851249719548623635219487842736591
174835962293476158586192734957324816428961375361758249812547693635219487749683521
468931527751624839392578461134756298289413675675289314846192753513867942927345186
123456789456789123789123456214975638375862914968314275591637842637248591842591367
123456789456789123789123456214975638375862914968314275591637842637248591842591367
751846239892371465643259871238197546974562318165438927319684752527913684486725193
839465712146782953752391486391824675564173829287659341628537194913248567475916238
123456789456789123789123456214975638375862914968314275591637842637248591842591367
621943758783615492594728361142879635357461289869532174238197546916354827475286913
839465712146782953752391486391824675564173829287659341628537194913248567475916238
174835962293476158586192734957324816428961375361758249812547693635219487749683521
839465712146782953752391486391824675564173829287659341628537194913248567475916238
987654321246173985351928746128537694634892157795461832519286473472319568863745219
693784512487512936125963874932651487568247391741398625319475268856129743274836159
751846239892371465643259871238197546974562318165438927319684752527913684486725193
123456789456789123789123456214975638375862914968314275591637842637248591842591367
743892156518647932962351748624589371879134265351276489496715823287963514135428697
987654321246173985351928746128537694634892157795461832519286473472319568863745219
174385962293467158586192734451923876928674315367851249719548623635219487842736591
743892156518647932962351748624589371879134265351276489496715823287963514135428697
751846239892371465643259871238197546974562318165438927319684752527913684486725193
562987413471235689398146275236819754714653928859472361187324596923568147645791832
987654321246173985351928746128537694634892157795461832519286473472319568863745219
174385962293467158586192734451923876928674315367851249719548623635219487842736591
125374896479618325683952714714269583532781649968435172891546237257893461346127958
839465712146782953752391486391824675564173829287659341628537194913248567475916238
987654321246173985351928746128537694634892157795461832519286473472319568863745219
751846239892371465643259871238197546974562318165438927319684752527913684486725193
123456789456789123789123456214975638375862914968314275591637842637248591842591367
693784512487512936125963874932651487568247391741398625319475268856129743274836159
621943758783615492594728361142879635357461289869532174238197546916354827475286913
621943758783615492594728361142879635357461289869532174238197546916354827475286913
123456789457189236896372514249518367538647921671293845364925178715834692982761453
673894512912735486845612973798261354526473891134589267469128735287356149351947628
174385962293467158586192734451923876928674315367851249719548623635219487842736591
987654321246173985351928746128537694634892157795461832519286473472319568863745219
123456789457189236869273154271548693346921578985637412512394867698712345734865921
123456789457189236896372514249518367538647921671293845364925178715834692982761453
839465712146782953752391486391824675564173829287659341628537194913248567475916238
621943758783615492594728361142879635357461289869532174238197546916354827475286913
123456789457189236869273154271548693346921578985637412512394867698712345734865921
174835962293476158586192734957324816428961375361758249812547693635219487749683521
987654321246173985351928746128537694634892157795461832519286473472319568863745219
621943758783615492594728361142879635357461289869532174238197546916354827475286913
125374896479618325683952714714269583532781649968435172891546237257893461346127958
468931527751624839392578461134756298289413675675289314846192753513867942927345186
126395784359847162874621953985416237631972845247538691763184529418259376592763418
468931527751624839392578461134756298289413675675289314846192753513867942927345186
174385962293467158586192734451923876928674315367851249719548623635219487842736591
751846239892371465643259871238197546974562318165438927319684752527913684486725193
693784512487512936125963874932651487568247391741398625319475268856129743274836159
743892156518647932962351748624589371879134265351276489496715823287963514135428697
673894512912735486845612973798261354526473891134589267469128735287356149351947628
126395784359847162874621953985416237631972845247538691763184529418259376592763418
869571324327849516145623987952368741681497235473215869514982673798136452236754198
987654321246173985351928746128537694634892157795461832519286473472319568863745219
743892156518647932962351748624589371879134265351276489496715823287963514135428697
123456789456789123789123456214975638375862914968314275591637842637248591842591367
839465712146782953752391486391824675564173829287659341628537194913248567475916238
673894512912735486845612973798261354526473891134589267469128735287356149351947628
317849265245736891869512473456398712732164958981257634174925386693481527528673149
562987413471235689398146275236819754714653928859472361187324596923568147645791832
174835962293476158586192734957324816428961375361758249812547693635219487749683521
987654321246173985351928746128537694634892157795461832519286473472319568863745219
239187465675394128814562937123879546456213879798456312367945281541728693982631754
126395784359847162874621953985416237631972845247538691763184529418259376592763418
869571324327849516145623987952368741681497235473215869514982673798136452236754198
123456789457189236869273154271548693346921578985637412512394867698712345734865921
869571324327849516145623987952368741681497235473215869514982673798136452236754198
126395784359847162874621953985416237631972845247538691763184529418259376592763418
621943758783615492594728361142879635357461289869532174238197546916354827475286913
126395784359847162874621953985416237631972845247538691763184529418259376592763418
123456789457189236869273154271548693346921578985637412512394867698712345734865921
126395784359847162874621953985416237631972845247538691763184529418259376592763418
728946315934251678516738249147593826369482157852167493293615784481379562675824931
125374896479618325683952714714269583532781649968435172891546237257893461346127958
239187465675394128814562937123879546456213879798456312367945281541728693982631754
839465712146782953752391486391824675564173829287659341628537194913248567475916238
839465712146782953752391486391824675564173829287659341628537194913248567475916238
468931527751624839392578461134756298289413675675289314846192753513867942927345186
468931527751624839392578461134756298289413675675289314846192753513867942927345186
743892156518647932962351748624589371879134265351276489496715823287963514135428697
869571324327849516145623987952368741681497235473215869514982673798136452236754198
468931527751624839392578461134756298289413675675289314846192753513867942927345186
562987413471235689398146275236819754714653928859472361187324596923568147645791832
125374896479618325683952714714269583532781649968435172891546237257893461346127958
673894512912735486845612973798261354526473891134589267469128735287356149351947628
621943758783615492594728361142879635357461289869532174238197546916354827475286913
869571324327849516145623987952368741681497235473215869514982673798136452236754198
621943758783615492594728361142879635357461289869532174238197546916354827475286913
123456789456789123789123456214975638375862914968314275591637842637248591842591367
126395784359847162874621953985416237631972845247538691763184529418259376592763418
123456789456789123789123456214975638375862914968314275591637842637248591842591367
693784512487512936125963874932651487568247391741398625319475268856129743274836159
728946315934251678516738249147593826369482157852167493293615784481379562675824931
126395784359847162874621953985416237631972845247538691763184529418259376592763418
123456789457189236896372514249518367538647921671293845364925178715834692982761453
125374896479618325683952714714269583532781649968435172891546237257893461346127958
621943758783615492594728361142879635357461289869532174238197546916354827475286913
743892156518647932962351748624589371879134265351276489496715823287963514135428697
869571324327849516145623987952368741681497235473215869514982673798136452236754198
743892156518647932962351748624589371879134265351276489496715823287963514135428697
693784512487512936125963874932651487568247391741398625319475268856129743274836159
125374896479618325683952714714269583532781649968435172891546237257893461346127958
125374896479618325683952714714269583532781649968435172891546237257893461346127958
562987413471235689398146275236819754714653928859472361187324596923568147645791832
317849265245736891869512473456398712732164958981257634174925386693481527528673149
693784512487512936125963874932651487568247391741398625319475268856129743274836159
468931527751624839392578461134756298289413675675289314846192753513867942927345186
317849265245736891869512473456398712732164958981257634174925386693481527528673149
468931527751624839392578461134756298289413675675289314846192753513867942927345186
125374896479618325683952714714269583532781649968435172891546237257893461346127958
174835962293476158586192734957324816428961375361758249812547693635219487749683521
562987413471235689398146275236819754714653928859472361187324596923568147645791832
317849265245736891869512473456398712732164958981257634174925386693481527528673149
174385962293467158586192734451923876928674315367851249719548623635219487842736591
174835962293476158586192734957324816428961375361758249812547693635219487749683521
174385962293467158586192734451923876928674315367851249719548623635219487842736591
869571324327849516145623987952368741681497235473215869514982673798136452236754198
869571324327849516145623987952368741681497235473215869514982673798136452236754198
562987413471235689398146275236819754714653928859472361187324596923568147645791832
239187465675394128814562937123879546456213879798456312367945281541728693982631754
869571324327849516145623987952368741681497235473215869514982673798136452236754198
673894512912735486845612973798261354526473891134589267469128735287356149351947628
839465712146782953752391486391824675564173829287659341628537194913248567475916238
174385962293467158586192734451923876928674315367851249719548623635219487842736591
317849265245736891869512473456398712732164958981257634174925386693481527528673149
123456789456789123789123456214975638375862914968314275591637842637248591842591367
239187465675394128814562937123879546456213879798456312367945281541728693982631754
123456789457189236896372514249518367538647921671293845364925178715834692982761453
123456789456789123789123456214975638375862914968314275591637842637248591842591367
317849265245736891869512473456398712732164958981257634174925386693481527528673149
317849265245736891869512473456398712732164958981257634174925386693481527528673149
621943758783615492594728361142879635357461289869532174238197546916354827475286913
125374896479618325683952714714269583532781649968435172891546237257893461346127958
728946315934251678516738249147593826369482157852167493293615784481379562675824931
123456789456789123789123456214975638375862914968314275591637842637248591842591367
125374896479618325683952714714269583532781649968435172891546237257893461346127958
693784512487512936125963874932651487568247391741398625319475268856129743274836159
621943758783615492594728361142879635357461289869532174238197546916354827475286913
123456789456789123789123456214975638375862914968314275591637842637248591842591367
839465712146782953752391486391824675564173829287659341628537194913248567475916238
987654321246173985351928746128537694634892157795461832519286473472319568863745219
743892156518647932962351748624589371879134265351276489496715823287963514135428697
621943758783615492594728361142879635357461289869532174238197546916354827475286913
621943758783615492594728361142879635357461289869532174238197546916354827475286913
728946315934251678516738249147593826369482157852167493293615784481379562675824931
239187465675394128814562937123879546456213879798456312367945281541728693982631754
693784512487512936125963874932651487568247391741398625319475268856129743274836159
673894512912735486845612973798261354526473891134589267469128735287356149351947628
987654321246173985351928746128537694634892157795461832519286473472319568863745219
743892156518647932962351748624589371879134265351276489496715823287963514135428697
174835962293476158586192734957324816428961375361758249812547693635219487749683521
987654321246173985351928746128537694634892157795461832519286473472319568863745219
693784512487512936125963874932651487568247391741398625319475268856129743274836159
751846239892371465643259871238197546974562318165438927319684752527913684486725193
743892156518647932962351748624589371879134265351276489496715823287963514135428697
869571324327849516145623987952368741681497235473215869514982673798136452236754198
621943758783615492594728361142879635357461289869532174238197546916354827475286913
693784512487512936125963874932651487568247391741398625319475268856129743274836159
123456789457189236896372514249518367538647921671293845364925178715834692982761453
693784512487512936125963874932651487568247391741398625319475268856129743274836159
174385962293467158586192734451923876928674315367851249719548623635219487842736591
839465712146782953752391486391824675564173829287659341628537194913248567475916238
693784512487512936125963874932651487568247391741398625319475268856129743274836159
987654321246173985351928746128537694634892157795461832519286473472319568863745219
728946315934251678516738249147593826369482157852167493293615784481379562675824931
693784512487512936125963874932651487568247391741398625319475268856129743274836159
123456789456789123789123456214975638375862914968314275591637842637248591842591367
693784512487512936125963874932651487568247391741398625319475268856129743274836159
839465712146782953752391486391824675564173829287659341628537194913248567475916238
123456789456789123789123456214975638375862914968314275591637842637248591842591367
126395784359847162874621953985416237631972845247538691763184529418259376592763418
562987413471235689398146275236819754714653928859472361187324596923568147645791832
123456789456789123789123456214975638375862914968314275591637842637248591842591367
673894512912735486845612973798261354526473891134589267469128735287356149351947628
673894512912735486845612973798261354526473891134589267469128735287356149351947628
987654321246173985351928746128537694634892157795461832519286473472319568863745219
751846239892371465643259871238197546974562318165438927319684752527913684486725193
562987413471235689398146275236819754714653928859472361187324596923568147645791832
174835962293476158586192734957324816428961375361758249812547693635219487749683521
673894512912735486845612973798261354526473891134589267469128735287356149351947628
125374896479618325683952714714269583532781649968435172891546237257893461346127958
869571324327849516145623987952368741681497235473215869514982673798136452236754198
869571324327849516145623987952368741681497235473215869514982673798136452236754198
126395784359847162874621953985416237631972845247538691763184529418259376592763418
743892156518647932962351748624589371879134265351276489496715823287963514135428697
987654321246173985351928746128537694634892157795461832519286473472319568863745219
126395784359847162874621953985416237631972845247538691763184529418259376592763418
621943758783615492594728361142879635357461289869532174238197546916354827475286913
693784512487512936125963874932651487568247391741398625319475268856129743274836159
174385962293467158586192734451923876928674315367851249719548623635219487842736591
869571324327849516145623987952368741681497235473215869514982673798136452236754198
621943758783615492594728361142879635357461289869532174238197546916354827475286913
126395784359847162874621953985416237631972845247538691763184529418259376592763418
123456789456789123789123456214975638375862914968314275591637842637248591842591367
317849265245736891869512473456398712732164958981257634174925386693481527528673149
317849265245736891869512473456398712732164958981257634174925386693481527528673149
174835962293476158586192734957324816428961375361758249812547693635219487749683521
174835962293476158586192734957324816428961375361758249812547693635219487749683521
174385962293467158586192734451923876928674315367851249719548623635219487842736591
239187465675394128814562937123879546456213879798456312367945281541728693982631754
126395784359847162874621953985416237631972845247538691763184529418259376592763418
317849265245736891869512473456398712732164958981257634174925386693481527528673149
123456789456789123789123456214975638375862914968314275591637842637248591842591367
174385962293467158586192734451923876928674315367851249719548623635219487842736591
693784512487512936125963874932651487568247391741398625319475268856129743274836159
317849265245736891869512473456398712732164958981257634174925386693481527528673149
123456789456789123789123456214975638375862914968314275591637842637248591842591367
123456789456789123789123456214975638375862914968314275591637842637248591842591367
126395784359847162874621953985416237631972845247538691763184529418259376592763418
123456789457189236869273154271548693346921578985637412512394867698712345734865921
123456789457189236896372514249518367538647921671293845364925178715834692982761453
239187465675394128814562937123879546456213879798456312367945281541728693982631754
126395784359847162874621953985416237631972845247538691763184529418259376592763418
174385962293467158586192734451923876928674315367851249719548623635219487842736591
621943758783615492594728361142879635357461289869532174238197546916354827475286913
174385962293467158586192734451923876928674315367851249719548623635219487842736591
839465712146782953752391486391824675564173829287659341628537194913248567475916238
621943758783615492594728361142879635357461289869532174238197546916354827475286913
673894512912735486845612973798261354526473891134589267469128735287356149351947628
693784512487512936125963874932651487568247391741398625319475268856129743274836159
743892156518647932962351748624589371879134265351276489496715823287963514135428697
239187465675394128814562937123879546456213879798456312367945281541728693982631754
174835962293476158586192734957324816428961375361758249812547693635219487749683521
869571324327849516145623987952368741681497235473215869514982673798136452236754198
125374896479618325683952714714269583532781649968435172891546237257893461346127958
673894512912735486845612973798261354526473891134589267469128735287356149351947628
673894512912735486845612973798261354526473891134589267469128735287356149351947628
673894512912735486845612973798261354526473891134589267469128735287356149351947628
743892156518647932962351748624589371879134265351276489496715823287963514135428697
174835962293476158586192734957324816428961375361758249812547693635219487749683521
673894512912735486845612973798261354526473891134589267469128735287356149351947628
987654321246173985351928746128537694634892157795461832519286473472319568863745219
123456789457189236896372514249518367538647921671293845364925178715834692982761453
562987413471235689398146275236819754714653928859472361187324596923568147645791832
239187465675394128814562937123879546456213879798456312367945281541728693982631754
869571324327849516145623987952368741681497235473215869514982673798136452236754198
174385962293467158586192734451923876928674315367851249719548623635219487842736591
317849265245736891869512473456398712732164958981257634174925386693481527528673149
317849265245736891869512473456398712732164958981257634174925386693481527528673149
174385962293467158586192734451923876928674315367851249719548623635219487842736591
239187465675394128814562937123879546456213879798456312367945281541728693982631754
468931527751624839392578461134756298289413675675289314846192753513867942927345186
869571324327849516145623987952368741681497235473215869514982673798136452236754198
174835962293476158586192734957324816428961375361758249812547693635219487749683521
693784512487512936125963874932651487568247391741398625319475268856129743274836159
728946315934251678516738249147593826369482157852167493293615784481379562675824931
317849265245736891869512473456398712732164958981257634174925386693481527528673149
123456789457189236869273154271548693346921578985637412512394867698712345734865921
174835962293476158586192734957324816428961375361758249812547693635219487749683521
839465712146782953752391486391824675564173829287659341628537194913248567475916238
673894512912735486845612973798261354526473891134589267469128735287356149351947628
673894512912735486845612973798261354526473891134589267469128735287356149351947628
123456789457189236896372514249518367538647921671293845364925178715834692982761453
869571324327849516145623987952368741681497235473215869514982673798136452236754198
728946315934251678516738249147593826369482157852167493293615784481379562675824931
123456789456789123789123456214975638375862914968314275591637842637248591842591367
839465712146782953752391486391824675564173829287659341628537194913248567475916238
621943758783615492594728361142879635357461289869532174238197546916354827475286913
468931527751624839392578461134756298289413675675289314846192753513867942927345186
987654321246173985351928746128537694634892157795461832519286473472319568863745219
673894512912735486845612973798261354526473891134589267469128735287356149351947628
239187465675394128814562937123879546456213879798456312367945281541728693982631754
869571324327849516145623987952368741681497235473215869514982673798136452236754198
125374896479618325683952714714269583532781649968435172891546237257893461346127958
987654321246173985351928746128537694634892157795461832519286473472319568863745219
751846239892371465643259871238197546974562318165438927319684752527913684486725193
987654321246173985351928746128537694634892157795461832519286473472319568863745219
174835962293476158586192734957324816428961375361758249812547693635219487749683521
317849265245736891869512473456398712732164958981257634174925386693481527528673149
126395784359847162874621953985416237631972845247538691763184529418259376592763418
174385962293467158586192734451923876928674315367851249719548623635219487842736591
123456789456789123789123456214975638375862914968314275591637842637248591842591367
751846239892371465643259871238197546974562318165438927319684752527913684486725193
123456789457189236896372514249518367538647921671293845364925178715834692982761453
174835962293476158586192734957324816428961375361758249812547693635219487749683521
123456789456789123789123456214975638375862914968314275591637842637248591842591367
174385962293467158586192734451923876928674315367851249719548623635219487842736591
123456789457189236896372514249518367538647921671293845364925178715834692982761453
174385962293467158586192734451923876928674315367851249719548623635219487842736591
562987413471235689398146275236819754714653928859472361187324596923568147645791832
728946315934251678516738249147593826369482157852167493293615784481379562675824931
239187465675394128814562937123879546456213879798456312367945281541728693982631754
125374896479618325683952714714269583532781649968435172891546237257893461346127958
123456789456789123789123456214975638375862914968314275591637842637248591842591367
239187465675394128814562937123879546456213879798456312367945281541728693982631754
123456789456789123789123456214975638375862914968314275591637842637248591842591367
728946315934251678516738249147593826369482157852167493293615784481379562675824931
123456789457189236869273154271548693346921578985637412512394867698712345734865921
562987413471235689398146275236819754714653928859472361187324596923568147645791832
562987413471235689398146275236819754714653928859472361187324596923568147645791832
562987413471235689398146275236819754714653928859472361187324596923568147645791832
125374896479618325683952714714269583532781649968435172891546237257893461346127958
468931527751624839392578461134756298289413675675289314846192753513867942927345186
839465712146782953752391486391824675564173829287659341628537194913248567475916238
123456789457189236896372514249518367538647921671293845364925178715834692982761453
126395784359847162874621953985416237631972845247538691763184529418259376592763418
743892156518647932962351748624589371879134265351276489496715823287963514135428697
123456789456789123789123456214975638375862914968314275591637842637248591842591367
743892156518647932962351748624589371879134265351276489496715823287963514135428697
126395784359847162874621953985416237631972845247538691763184529418259376592763418
123456789457189236869273154271548693346921578985637412512394867698712345734865921
839465712146782953752391486391824675564173829287659341628537194913248567475916238
123456789456789123789123456214975638375862914968314275591637842637248591842591367
174835962293476158586192734957324816428961375361758249812547693635219487749683521
693784512487512936125963874932651487568247391741398625319475268856129743274836159
743892156518647932962351748624589371879134265351276489496715823287963514135428697
693784512487512936125963874932651487568247391741398625319475268856129743274836159
673894512912735486845612973798261354526473891134589267469128735287356149351947628
693784512487512936125963874932651487568247391741398625319475268856129743274836159
673894512912735486845612973798261354526473891134589267469128735287356149351947628
174385962293467158586192734451923876928674315367851249719548623635219487842736591
468931527751624839392578461134756298289413675675289314846192753513867942927345186
123456789457189236869273154271548693346921578985637412512394867698712345734865921
751846239892371465643259871238197546974562318165438927319684752527913684486725193
839465712146782953752391486391824675564173829287659341628537194913248567475916238
839465712146782953752391486391824675564173829287659341628537194913248567475916238
728946315934251678516738249147593826369482157852167493293615784481379562675824931
126395784359847162874621953985416237631972845247538691763184529418259376592763418
174385962293467158586192734451923876928674315367851249719548623635219487842736591
126395784359847162874621953985416237631972845247538691763184529418259376592763418
174385962293467158586192734451923876928674315367851249719548623635219487842736591
743892156518647932962351748624589371879134265351276489496715823287963514135428697
239187465675394128814562937123879546456213879798456312367945281541728693982631754
693784512487512936125963874932651487568247391741398625319475268856129743274836159
239187465675394128814562937123879546456213879798456312367945281541728693982631754
869571324327849516145623987952368741681497235473215869514982673798136452236754198
751846239892371465643259871238197546974562318165438927319684752527913684486725193
126395784359847162874621953985416237631972845247538691763184529418259376592763418
174835962293476158586192734957324816428961375361758249812547693635219487749683521
123456789456789123789123456214975638375862914968314275591637842637248591842591367
123456789457189236869273154271548693346921578985637412512394867698712345734865921
468931527751624839392578461134756298289413675675289314846192753513867942927345186
123456789457189236869273154271548693346921578985637412512394867698712345734865921
673894512912735486845612973798261354526473891134589267469128735287356149351947628
673894512912735486845612973798261354526473891134589267469128735287356149351947628
123456789457189236896372514249518367538647921671293845364925178715834692982761453
751846239892371465643259871238197546974562318165438927319684752527913684486725193
621943758783615492594728361142879635357461289869532174238197546916354827475286913
693784512487512936125963874932651487568247391741398625319475268856129743274836159
743892156518647932962351748624589371879134265351276489496715823287963514135428697
839465712146782953752391486391824675564173829287659341628537194913248567475916238
125374896479618325683952714714269583532781649968435172891546237257893461346127958
126395784359847162874621953985416237631972845247538691763184529418259376592763418
123456789457189236869273154271548693346921578985637412512394867698712345734865921
869571324327849516145623987952368741681497235473215869514982673798136452236754198
751846239892371465643259871238197546974562318165438927319684752527913684486725193
751846239892371465643259871238197546974562318165438927319684752527913684486725193
751846239892371465643259871238197546974562318165438927319684752527913684486725193
751846239892371465643259871238197546974562318165438927319684752527913684486725193
174835962293476158586192734957324816428961375361758249812547693635219487749683521
869571324327849516145623987952368741681497235473215869514982673798136452236754198
125374896479618325683952714714269583532781649968435172891546237257893461346127958
751846239892371465643259871238197546974562318165438927319684752527913684486725193
987654321246173985351928746128537694634892157795461832519286473472319568863745219
673894512912735486845612973798261354526473891134589267469128735287356149351947628
839465712146782953752391486391824675564173829287659341628537194913248567475916238
869571324327849516145623987952368741681497235473215869514982673798136452236754198
126395784359847162874621953985416237631972845247538691763184529418259376592763418
468931527751624839392578461134756298289413675675289314846192753513867942927345186
673894512912735486845612973798261354526473891134589267469128735287356149351947628
174835962293476158586192734957324816428961375361758249812547693635219487749683521
728946315934251678516738249147593826369482157852167493293615784481379562675824931
673894512912735486845612973798261354526473891134589267469128735287356149351947628
239187465675394128814562937123879546456213879798456312367945281541728693982631754
743892156518647932962351748624589371879134265351276489496715823287963514135428697
869571324327849516145623987952368741681497235473215869514982673798136452236754198
123456789457189236869273154271548693346921578985637412512394867698712345734865921
693784512487512936125963874932651487568247391741398625319475268856129743274836159
673894512912735486845612973798261354526473891134589267469128735287356149351947628
126395784359847162874621953985416237631972845247538691763184529418259376592763418
468931527751624839392578461134756298289413675675289314846192753513867942927345186
621943758783615492594728361142879635357461289869532174238197546916354827475286913
125374896479618325683952714714269583532781649968435172891546237257893461346127958
317849265245736891869512473456398712732164958981257634174925386693481527528673149
174835962293476158586192734957324816428961375361758249812547693635219487749683521
562987413471235689398146275236819754714653928859472361187324596923568147645791832
174385962293467158586192734451923876928674315367851249719548623635219487842736591
751846239892371465643259871238197546974562318165438927319684752527913684486725193
468931527751624839392578461134756298289413675675289314846192753513867942927345186
869571324327849516145623987952368741681497235473215869514982673798136452236754198
987654321246173985351928746128537694634892157795461832519286473472319568863745219
751846239892371465643259871238197546974562318165438927319684752527913684486725193
751846239892371465643259871238197546974562318165438927319684752527913684486725193
239187465675394128814562937123879546456213879798456312367945281541728693982631754
126395784359847162874621953985416237631972845247538691763184529418259376592763418
468931527751624839392578461134756298289413675675289314846192753513867942927345186
743892156518647932962351748624589371879134265351276489496715823287963514135428697
125374896479618325683952714714269583532781649968435172891546237257893461346127958
126395784359847162874621953985416237631972845247538691763184529418259376592763418
125374896479618325683952714714269583532781649968435172891546237257893461346127958
751846239892371465643259871238197546974562318165438927319684752527913684486725193
125374896479618325683952714714269583532781649968435172891546237257893461346127958
125374896479618325683952714714269583532781649968435172891546237257893461346127958
743892156518647932962351748624589371879134265351276489496715823287963514135428697
751846239892371465643259871238197546974562318165438927319684752527913684486725193
562987413471235689398146275236819754714653928859472361187324596923568147645791832
987654321246173985351928746128537694634892157795461832519286473472319568863745219
621943758783615492594728361142879635357461289869532174238197546916354827475286913
728946315934251678516738249147593826369482157852167493293615784481379562675824931
123456789456789123789123456214975638375862914968314275591637842637248591842591367
123456789457189236869273154271548693346921578985637412512394867698712345734865921
869571324327849516145623987952368741681497235473215869514982673798136452236754198
123456789456789123789123456214975638375862914968314275591637842637248591842591367
673894512912735486845612973798261354526473891134589267469128735287356149351947628
987654321246173985351928746128537694634892157795461832519286473472319568863745219
621943758783615492594728361142879635357461289869532174238197546916354827475286913
562987413471235689398146275236819754714653928859472361187324596923568147645791832
239187465675394128814562937123879546456213879798456312367945281541728693982631754
562987413471235689398146275236819754714653928859472361187324596923568147645791832
123456789457189236896372514249518367538647921671293845364925178715834692982761453
123456789457189236869273154271548693346921578985637412512394867698712345734865921
125374896479618325683952714714269583532781649968435172891546237257893461346127958
869571324327849516145623987952368741681497235473215869514982673798136452236754198
673894512912735486845612973798261354526473891134589267469128735287356149351947628
987654321246173985351928746128537694634892157795461832519286473472319568863745219
468931527751624839392578461134756298289413675675289314846192753513867942927345186
839465712146782953752391486391824675564173829287659341628537194913248567475916238
468931527751624839392578461134756298289413675675289314846192753513867942927345186
123456789457189236896372514249518367538647921671293845364925178715834692982761453
239187465675394128814562937123879546456213879798456312367945281541728693982631754
123456789457189236869273154271548693346921578985637412512394867698712345734865921
869571324327849516145623987952368741681497235473215869514982673798136452236754198
123456789457189236896372514249518367538647921671293845364925178715834692982761453
839465712146782953752391486391824675564173829287659341628537194913248567475916238
123456789457189236869273154271548693346921578985637412512394867698712345734865921
123456789457189236896372514249518367538647921671293845364925178715834692982761453
751846239892371465643259871238197546974562318165438927319684752527913684486725193
693784512487512936125963874932651487568247391741398625319475268856129743274836159
317849265245736891869512473456398712732164958981257634174925386693481527528673149
728946315934251678516738249147593826369482157852167493293615784481379562675824931
751846239892371465643259871238197546974562318165438927319684752527913684486725193
743892156518647932962351748624589371879134265351276489496715823287963514135428697
743892156518647932962351748624589371879134265351276489496715823287963514135428697
126395784359847162874621953985416237631972845247538691763184529418259376592763418
468931527751624839392578461134756298289413675675289314846192753513867942927345186
174835962293476158586192734957324816428961375361758249812547693635219487749683521
239187465675394128814562937123879546456213879798456312367945281541728693982631754
839465712146782953752391486391824675564173829287659341628537194913248567475916238
317849265245736891869512473456398712732164958981257634174925386693481527528673149
743892156518647932962351748624589371879134265351276489496715823287963514135428697
123456789457189236869273154271548693346921578985637412512394867698712345734865921
123456789457189236869273154271548693346921578985637412512394867698712345734865921
987654321246173985351928746128537694634892157795461832519286473472319568863745219
123456789457189236869273154271548693346921578985637412512394867698712345734865921
839465712146782953752391486391824675564173829287659341628537194913248567475916238
239187465675394128814562937123879546456213879798456312367945281541728693982631754
123456789456789123789123456214975638375862914968314275591637842637248591842591367
468931527751624839392578461134756298289413675675289314846192753513867942927345186
126395784359847162874621953985416237631972845247538691763184529418259376592763418
125374896479618325683952714714269583532781649968435172891546237257893461346127958
174385962293467158586192734451923876928674315367851249719548623635219487842736591
839465712146782953752391486391824675564173829287659341628537194913248567475916238
123456789456789123789123456214975638375862914968314275591637842637248591842591367
239187465675394128814562937123879546456213879798456312367945281541728693982631754
693784512487512936125963874932651487568247391741398625319475268856129743274836159
174835962293476158586192734957324816428961375361758249812547693635219487749683521
839465712146782953752391486391824675564173829287659341628537194913248567475916238
123456789456789123789123456214975638375862914968314275591637842637248591842591367
728946315934251678516738249147593826369482157852167493293615784481379562675824931
693784512487512936125963874932651487568247391741398625319475268856129743274836159
123456789457189236869273154271548693346921578985637412512394867698712345734865921
839465712146782953752391486391824675564173829287659341628537194913248567475916238
468931527751624839392578461134756298289413675675289314846192753513867942927345186
693784512487512936125963874932651487568247391741398625319475268856129743274836159
125374896479618325683952714714269583532781649968435172891546237257893461346127958
126395784359847162874621953985416237631972845247538691763184529418259376592763418
317849265245736891869512473456398712732164958981257634174925386693481527528673149
468931527751624839392578461134756298289413675675289314846192753513867942927345186
468931527751624839392578461134756298289413675675289314846192753513867942927345186
562987413471235689398146275236819754714653928859472361187324596923568147645791832
123456789457189236869273154271548693346921578985637412512394867698712345734865921
869571324327849516145623987952368741681497235473215869514982673798136452236754198
174385962293467158586192734451923876928674315367851249719548623635219487842736591
673894512912735486845612973798261354526473891134589267469128735287356149351947628
123456789456789123789123456214975638375862914968314275591637842637248591842591367
728946315934251678516738249147593826369482157852167493293615784481379562675824931
869571324327849516145623987952368741681497235473215869514982673798136452236754198
987654321246173985351928746128537694634892157795461832519286473472319568863745219
123456789457189236869273154271548693346921578985637412512394867698712345734865921
123456789457189236869273154271548693346921578985637412512394867698712345734865921
621943758783615492594728361142879635357461289869532174238197546916354827475286913
123456789457189236896372514249518367538647921671293845364925178715834692982761453
123456789457189236869273154271548693346921578985637412512394867698712345734865921
468931527751624839392578461134756298289413675675289314846192753513867942927345186
751846239892371465643259871238197546974562318165438927319684752527913684486725193
869571324327849516145623987952368741681497235473215869514982673798136452236754198
125374896479618325683952714714269583532781649968435172891546237257893461346127958
562987413471235689398146275236819754714653928859472361187324596923568147645791832
751846239892371465643259871238197546974562318165438927319684752527913684486725193
987654321246173985351928746128537694634892157795461832519286473472319568863745219
468931527751624839392578461134756298289413675675289314846192753513867942927345186
125374896479618325683952714714269583532781649968435172891546237257893461346127958
839465712146782953752391486391824675564173829287659341628537194913248567475916238
174835962293476158586192734957324816428961375361758249812547693635219487749683521
693784512487512936125963874932651487568247391741398625319475268856129743274836159
174385962293467158586192734451923876928674315367851249719548623635219487842736591
743892156518647932962351748624589371879134265351276489496715823287963514135428697
123456789457189236869273154271548693346921578985637412512394867698712345734865921
123456789456789123789123456214975638375862914968314275591637842637248591842591367
562987413471235689398146275236819754714653928859472361187324596923568147645791832
987654321246173985351928746128537694634892157795461832519286473472319568863745219
174835962293476158586192734957324816428961375361758249812547693635219487749683521
751846239892371465643259871238197546974562318165438927319684752527913684486725193
839465712146782953752391486391824675564173829287659341628537194913248567475916238
673894512912735486845612973798261354526473891134589267469128735287356149351947628
673894512912735486845612973798261354526473891134589267469128735287356149351947628
743892156518647932962351748624589371879134265351276489496715823287963514135428697
123456789456789123789123456214975638375862914968314275591637842637248591842591367
123456789457189236896372514249518367538647921671293845364925178715834692982761453
174835962293476158586192734957324816428961375361758249812547693635219487749683521
869571324327849516145623987952368741681497235473215869514982673798136452236754198
126395784359847162874621953985416237631972845247538691763184529418259376592763418
317849265245736891869512473456398712732164958981257634174925386693481527528673149
239187465675394128814562937123879546456213879798456312367945281541728693982631754
673894512912735486845612973798261354526473891134589267469128735287356149351947628
743892156518647932962351748624589371879134265351276489496715823287963514135428697
239187465675394128814562937123879546456213879798456312367945281541728693982631754
987654321246173985351928746128537694634892157795461832519286473472319568863745219
839465712146782953752391486391824675564173829287659341628537194913248567475916238
693784512487512936125963874932651487568247391741398625319475268856129743274836159
123456789456789123789123456214975638375862914968314275591637842637248591842591367
743892156518647932962351748624589371879134265351276489496715823287963514135428697
125374896479618325683952714714269583532781649968435172891546237257893461346127958
123456789456789123789123456214975638375862914968314275591637842637248591842591367
126395784359847162874621953985416237631972845247538691763184529418259376592763418
743892156518647932962351748624589371879134265351276489496715823287963514135428697
126395784359847162874621953985416237631972845247538691763184529418259376592763418
317849265245736891869512473456398712732164958981257634174925386693481527528673149
126395784359847162874621953985416237631972845247538691763184529418259376592763418
125374896479618325683952714714269583532781649968435172891546237257893461346127958
123456789457189236869273154271548693346921578985637412512394867698712345734865921
839465712146782953752391486391824675564173829287659341628537194913248567475916238
728946315934251678516738249147593826369482157852167493293615784481379562675824931
562987413471235689398146275236819754714653928859472361187324596923568147645791832
123456789457189236896372514249518367538647921671293845364925178715834692982761453
673894512912735486845612973798261354526473891134589267469128735287356149351947628
174835962293476158586192734957324816428961375361758249812547693635219487749683521
751846239892371465643259871238197546974562318165438927319684752527913684486725193
562987413471235689398146275236819754714653928859472361187324596923568147645791832
562987413471235689398146275236819754714653928859472361187324596923568147645791832
751846239892371465643259871238197546974562318165438927319684752527913684486725193
693784512487512936125963874932651487568247391741398625319475268856129743274836159
317849265245736891869512473456398712732164958981257634174925386693481527528673149
239187465675394128814562937123879546456213879798456312367945281541728693982631754
751846239892371465643259871238197546974562318165438927319684752527913684486725193
839465712146782953752391486391824675564173829287659341628537194913248567475916238
987654321246173985351928746128537694634892157795461832519286473472319568863745219
673894512912735486845612973798261354526473891134589267469128735287356149351947628
123456789456789123789123456214975638375862914968314275591637842637248591842591367
987654321246173985351928746128537694634892157795461832519286473472319568863745219
673894512912735486845612973798261354526473891134589267469128735287356149351947628
126395784359847162874621953985416237631972845247538691763184529418259376592763418
123456789457189236869273154271548693346921578985637412512394867698712345734865921
123456789457189236869273154271548693346921578985637412512394867698712345734865921
839465712146782953752391486391824675564173829287659341628537194913248567475916238
174385962293467158586192734451923876928674315367851249719548623635219487842736591
239187465675394128814562937123879546456213879798456312367945281541728693982631754
174835962293476158586192734957324816428961375361758249812547693635219487749683521
239187465675394128814562937123879546456213879798456312367945281541728693982631754
468931527751624839392578461134756298289413675675289314846192753513867942927345186
174835962293476158586192734957324816428961375361758249812547693635219487749683521
125374896479618325683952714714269583532781649968435172891546237257893461346127958
174835962293476158586192734957324816428961375361758249812547693635219487749683521
751846239892371465643259871238197546974562318165438927319684752527913684486725193
869571324327849516145623987952368741681497235473215869514982673798136452236754198
123456789457189236896372514249518367538647921671293845364925178715834692982761453
728946315934251678516738249147593826369482157852167493293615784481379562675824931
728946315934251678516738249147593826369482157852167493293615784481379562675824931
728946315934251678516738249147593826369482157852167493293615784481379562675824931
126395784359847162874621953985416237631972845247538691763184529418259376592763418
987654321246173985351928746128537694634892157795461832519286473472319568863745219
239187465675394128814562937123879546456213879798456312367945281541728693982631754
728946315934251678516738249147593826369482157852167493293615784481379562675824931
728946315934251678516738249147593826369482157852167493293615784481379562675824931
869571324327849516145623987952368741681497235473215869514982673798136452236754198
869571324327849516145623987952368741681497235473215869514982673798136452236754198
987654321246173985351928746128537694634892157795461832519286473472319568863745219
174385962293467158586192734451923876928674315367851249719548623635219487842736591
562987413471235689398146275236819754714653928859472361187324596923568147645791832
728946315934251678516738249147593826369482157852167493293615784481379562675824931
123456789457189236869273154271548693346921578985637412512394867698712345734865921
317849265245736891869512473456398712732164958981257634174925386693481527528673149
693784512487512936125963874932651487568247391741398625319475268856129743274836159
317849265245736891869512473456398712732164958981257634174925386693481527528673149
562987413471235689398146275236819754714653928859472361187324596923568147645791832
621943758783615492594728361142879635357461289869532174238197546916354827475286913
123456789457189236896372514249518367538647921671293845364925178715834692982761453
239187465675394128814562937123879546456213879798456312367945281541728693982631754
317849265245736891869512473456398712732164958981257634174925386693481527528673149
317849265245736891869512473456398712732164958981257634174925386693481527528673149
562987413471235689398146275236819754714653928859472361187324596923568147645791832
123456789457189236896372514249518367538647921671293845364925178715834692982761453
123456789457189236869273154271548693346921578985637412512394867698712345734865921
468931527751624839392578461134756298289413675675289314846192753513867942927345186
174385962293467158586192734451923876928674315367851249719548623635219487842736591
123456789457189236896372514249518367538647921671293845364925178715834692982761453
125374896479618325683952714714269583532781649968435172891546237257893461346127958
693784512487512936125963874932651487568247391741398625319475268856129743274836159
317849265245736891869512473456398712732164958981257634174925386693481527528673149
987654321246173985351928746128537694634892157795461832519286473472319568863745219
125374896479618325683952714714269583532781649968435172891546237257893461346127958
839465712146782953752391486391824675564173829287659341628537194913248567475916238
987654321246173985351928746128537694634892157795461832519286473472319568863745219
751846239892371465643259871238197546974562318165438927319684752527913684486725193
743892156518647932962351748624589371879134265351276489496715823287963514135428697
317849265245736891869512473456398712732164958981257634174925386693481527528673149
743892156518647932962351748624589371879134265351276489496715823287963514135428697
125374896479618325683952714714269583532781649968435172891546237257893461346127958
174835962293476158586192734957324816428961375361758249812547693635219487749683521
562987413471235689398146275236819754714653928859472361187324596923568147645791832
123456789457189236896372514249518367538647921671293845364925178715834692982761453
174835962293476158586192734957324816428961375361758249812547693635219487749683521
621943758783615492594728361142879635357461289869532174238197546916354827475286913
673894512912735486845612973798261354526473891134589267469128735287356149351947628
123456789457189236896372514249518367538647921671293845364925178715834692982761453
751846239892371465643259871238197546974562318165438927319684752527913684486725193
743892156518647932962351748624589371879134265351276489496715823287963514135428697
693784512487512936125963874932651487568247391741398625319475268856129743274836159
174385962293467158586192734451923876928674315367851249719548623635219487842736591
743892156518647932962351748624589371879134265351276489496715823287963514135428697
174835962293476158586192734957324816428961375361758249812547693635219487749683521
673894512912735486845612973798261354526473891134589267469128735287356149351947628
123456789456789123789123456214975638375862914968314275591637842637248591842591367
562987413471235689398146275236819754714653928859472361187324596923568147645791832
174385962293467158586192734451923876928674315367851249719548623635219487842736591
126395784359847162874621953985416237631972845247538691763184529418259376592763418
468931527751624839392578461134756298289413675675289314846192753513867942927345186
174835962293476158586192734957324816428961375361758249812547693635219487749683521
126395784359847162874621953985416237631972845247538691763184529418259376592763418
562987413471235689398146275236819754714653928859472361187324596923568147645791832
126395784359847162874621953985416237631972845247538691763184529418259376592763418
562987413471235689398146275236819754714653928859472361187324596923568147645791832
317849265245736891869512473456398712732164958981257634174925386693481527528673149
839465712146782953752391486391824675564173829287659341628537194913248567475916238
987654321246173985351928746128537694634892157795461832519286473472319568863745219
125374896479618325683952714714269583532781649968435172891546237257893461346127958
317849265245736891869512473456398712732164958981257634174925386693481527528673149
239187465675394128814562937123879546456213879798456312367945281541728693982631754
562987413471235689398146275236819754714653928859472361187324596923568147645791832
174385962293467158586192734451923876928674315367851249719548623635219487842736591
751846239892371465643259871238197546974562318165438927319684752527913684486725193
239187465675394128814562937123879546456213879798456312367945281541728693982631754
123456789457189236869273154271548693346921578985637412512394867698712345734865921
987654321246173985351928746128537694634892157795461832519286473472319568863745219
743892156518647932962351748624589371879134265351276489496715823287963514135428697
751846239892371465643259871238197546974562318165438927319684752527913684486725193
239187465675394128814562937123879546456213879798456312367945281541728693982631754
126395784359847162874621953985416237631972845247538691763184529418259376592763418
869571324327849516145623987952368741681497235473215869514982673798136452236754198
869571324327849516145623987952368741681497235473215869514982673798136452236754198
743892156518647932962351748624589371879134265351276489496715823287963514135428697
317849265245736891869512473456398712732164958981257634174925386693481527528673149
123456789456789123789123456214975638375862914968314275591637842637248591842591367
728946315934251678516738249147593826369482157852167493293615784481379562675824931
126395784359847162874621953985416237631972845247538691763184529418259376592763418
468931527751624839392578461134756298289413675675289314846192753513867942927345186
468931527751624839392578461134756298289413675675289314846192753513867942927345186
468931527751624839392578461134756298289413675675289314846192753513867942927345186
621943758783615492594728361142879635357461289869532174238197546916354827475286913
126395784359847162874621953985416237631972845247538691763184529418259376592763418
869571324327849516145623987952368741681497235473215869514982673798136452236754198
673894512912735486845612973798261354526473891134589267469128735287356149351947628
562987413471235689398146275236819754714653928859472361187324596923568147645791832
728946315934251678516738249147593826369482157852167493293615784481379562675824931
174835962293476158586192734957324816428961375361758249812547693635219487749683521
839465712146782953752391486391824675564173829287659341628537194913248567475916238
123456789456789123789123456214975638375862914968314275591637842637248591842591367
751846239892371465643259871238197546974562318165438927319684752527913684486725193
869571324327849516145623987952368741681497235473215869514982673798136452236754198
839465712146782953752391486391824675564173829287659341628537194913248567475916238
123456789457189236896372514249518367538647921671293845364925178715834692982761453
673894512912735486845612973798261354526473891134589267469128735287356149351947628
728946315934251678516738249147593826369482157852167493293615784481379562675824931
743892156518647932962351748624589371879134265351276489496715823287963514135428697
468931527751624839392578461134756298289413675675289314846192753513867942927345186
987654321246173985351928746128537694634892157795461832519286473472319568863745219
673894512912735486845612973798261354526473891134589267469128735287356149351947628
839465712146782953752391486391824675564173829287659341628537194913248567475916238
174835962293476158586192734957324816428961375361758249812547693635219487749683521
751846239892371465643259871238197546974562318165438927319684752527913684486725193
317849265245736891869512473456398712732164958981257634174925386693481527528673149
174835962293476158586192734957324816428961375361758249812547693635219487749683521
239187465675394128814562937123879546456213879798456312367945281541728693982631754
839465712146782953752391486391824675564173829287659341628537194913248567475916238
123456789457189236869273154271548693346921578985637412512394867698712345734865921
317849265245736891869512473456398712732164958981257634174925386693481527528673149
728946315934251678516738249147593826369482157852167493293615784481379562675824931
728946315934251678516738249147593826369482157852167493293615784481379562675824931
468931527751624839392578461134756298289413675675289314846192753513867942927345186
693784512487512936125963874932651487568247391741398625319475268856129743274836159
839465712146782953752391486391824675564173829287659341628537194913248567475916238
174385962293467158586192734451923876928674315367851249719548623635219487842736591
123456789456789123789123456214975638375862914968314275591637842637248591842591367
987654321246173985351928746128537694634892157795461832519286473472319568863745219
123456789457189236869273154271548693346921578985637412512394867698712345734865921
728946315934251678516738249147593826369482157852167493293615784481379562675824931
621943758783615492594728361142879635357461289869532174238197546916354827475286913
123456789457189236869273154271548693346921578985637412512394867698712345734865921
468931527751624839392578461134756298289413675675289314846192753513867942927345186
839465712146782953752391486391824675564173829287659341628537194913248567475916238
174835962293476158586192734957324816428961375361758249812547693635219487749683521
621943758783615492594728361142879635357461289869532174238197546916354827475286913
468931527751624839392578461134756298289413675675289314846192753513867942927345186
123456789457189236896372514249518367538647921671293845364925178715834692982761453
123456789457189236896372514249518367538647921671293845364925178715834692982761453
123456789457189236896372514249518367538647921671293845364925178715834692982761453
751846239892371465643259871238197546974562318165438927319684752527913684486725193
174835962293476158586192734957324816428961375361758249812547693635219487749683521
562987413471235689398146275236819754714653928859472361187324596923568147645791832
468931527751624839392578461134756298289413675675289314846192753513867942927345186
468931527751624839392578461134756298289413675675289314846192753513867942927345186
839465712146782953752391486391824675564173829287659341628537194913248567475916238
621943758783615492594728361142879635357461289869532174238197546916354827475286913
174385962293467158586192734451923876928674315367851249719548623635219487842736591
125374896479618325683952714714269583532781649968435172891546237257893461346127958
468931527751624839392578461134756298289413675675289314846192753513867942927345186
123456789457189236896372514249518367538647921671293845364925178715834692982761453
123456789457189236869273154271548693346921578985637412512394867698712345734865921
621943758783615492594728361142879635357461289869532174238197546916354827475286913
839465712146782953752391486391824675564173829287659341628537194913248567475916238
673894512912735486845612973798261354526473891134589267469128735287356149351947628
751846239892371465643259871238197546974562318165438927319684752527913684486725193
174385962293467158586192734451923876928674315367851249719548623635219487842736591
693784512487512936125963874932651487568247391741398625319475268856129743274836159
839465712146782953752391486391824675564173829287659341628537194913248567475916238
125374896479618325683952714714269583532781649968435172891546237257893461346127958
728946315934251678516738249147593826369482157852167493293615784481379562675824931
987654321246173985351928746128537694634892157795461832519286473472319568863745219
621943758783615492594728361142879635357461289869532174238197546916354827475286913
317849265245736891869512473456398712732164958981257634174925386693481527528673149
621943758783615492594728361142879635357461289869532174238197546916354827475286913
751846239892371465643259871238197546974562318165438927319684752527913684486725193
239187465675394128814562937123879546456213879798456312367945281541728693982631754
693784512487512936125963874932651487568247391741398625319475268856129743274836159
751846239892371465643259871238197546974562318165438927319684752527913684486725193
126395784359847162874621953985416237631972845247538691763184529418259376592763418
673894512912735486845612973798261354526473891134589267469128735287356149351947628
468931527751624839392578461134756298289413675675289314846192753513867942927345186
743892156518647932962351748624589371879134265351276489496715823287963514135428697
673894512912735486845612973798261354526473891134589267469128735287356149351947628
123456789457189236896372514249518367538647921671293845364925178715834692982761453
468931527751624839392578461134756298289413675675289314846192753513867942927345186
751846239892371465643259871238197546974562318165438927319684752527913684486725193
174385962293467158586192734451923876928674315367851249719548623635219487842736591
174835962293476158586192734957324816428961375361758249812547693635219487749683521
839465712146782953752391486391824675564173829287659341628537194913248567475916238
239187465675394128814562937123879546456213879798456312367945281541728693982631754
123456789457189236896372514249518367538647921671293845364925178715834692982761453
693784512487512936125963874932651487568247391741398625319475268856129743274836159
123456789456789123789123456214975638375862914968314275591637842637248591842591367
125374896479618325683952714714269583532781649968435172891546237257893461346127958
174385962293467158586192734451923876928674315367851249719548623635219487842736591
123456789457189236869273154271548693346921578985637412512394867698712345734865921
987654321246173985351928746128537694634892157795461832519286473472319568863745219
673894512912735486845612973798261354526473891134589267469128735287356149351947628
728946315934251678516738249147593826369482157852167493293615784481379562675824931
123456789456789123789123456214975638375862914968314275591637842637248591842591367
174835962293476158586192734957324816428961375361758249812547693635219487749683521
123456789456789123789123456214975638375862914968314275591637842637248591842591367
839465712146782953752391486391824675564173829287659341628537194913248567475916238
673894512912735486845612973798261354526473891134589267469128735287356149351947628
123456789457189236896372514249518367538647921671293845364925178715834692982761453
239187465675394128814562937123879546456213879798456312367945281541728693982631754
693784512487512936125963874932651487568247391741398625319475268856129743274836159
751846239892371465643259871238197546974562318165438927319684752527913684486725193
125374896479618325683952714714269583532781649968435172891546237257893461346127958
869571324327849516145623987952368741681497235473215869514982673798136452236754198
125374896479618325683952714714269583532781649968435172891546237257893461346127958
743892156518647932962351748624589371879134265351276489496715823287963514135428697
621943758783615492594728361142879635357461289869532174238197546916354827475286913
239187465675394128814562937123879546456213879798456312367945281541728693982631754
839465712146782953752391486391824675564173829287659341628537194913248567475916238
869571324327849516145623987952368741681497235473215869514982673798136452236754198
562987413471235689398146275236819754714653928859472361187324596923568147645791832
728946315934251678516738249147593826369482157852167493293615784481379562675824931
468931527751624839392578461134756298289413675675289314846192753513867942927345186
693784512487512936125963874932651487568247391741398625319475268856129743274836159
123456789456789123789123456214975638375862914968314275591637842637248591842591367
126395784359847162874621953985416237631972845247538691763184529418259376592763418
317849265245736891869512473456398712732164958981257634174925386693481527528673149
743892156518647932962351748624589371879134265351276489496715823287963514135428697
317849265245736891869512473456398712732164958981257634174925386693481527528673149
468931527751624839392578461134756298289413675675289314846192753513867942927345186
621943758783615492594728361142879635357461289869532174238197546916354827475286913
